0.000000 0.608000 0.515186 0.000000 0.000000
1.000000 3.712000 0.772977 0.257720 2.000000
2.000000 0.608000 0.289093 0.484766 3.000000
3.000000 2.312000 0.425085 0.105457 2.000000
4.000000 4.016000 0.117966 0.201101 4.000000
5.000000 6.816000 0.003514 0.080641 5.000000
6.000000 3.712000 0.077220 0.074374 3.000000
7.000000 2.008000 0.294710 0.217775 1.000000
8.000000 2.312000 0.459060 0.119840 3.000000
9.000000 0.912000 0.629350 0.211836 4.000000
10.000000 3.712000 0.118118 0.408801 2.000000
11.000000 4.016000 0.297389 0.055740 5.000000
12.000000 4.016000 0.809639 0.467846 3.000000
13.000000 2.008000 0.750757 0.045631 2.000000
14.000000 3.712000 0.635100 0.400345 2.000000
15.000000 2.616000 0.939080 0.166762 5.000000
16.000000 1.704000 1.295076 0.196905 0.000000
