0.000000 5.720000 0.576061 0.056697 4.000000
1.000000 3.408000 0.276547 0.236549 2.000000
2.000000 2.008000 0.135753 0.093268 4.000000
3.000000 4.016000 0.060882 0.041892 4.000000
4.000000 1.216000 0.005739 0.016742 3.000000
5.000000 2.312000 0.091262 0.060209 3.000000
6.000000 2.008000 0.315802 0.107079 2.000000
7.000000 5.416000 0.450397 0.048760 4.000000
8.000000 3.408000 0.466680 0.025790 2.000000
9.000000 4.016000 0.245110 0.115514 5.000000
10.000000 2.616000 0.813837 0.510355 3.000000
11.000000 3.712000 1.118202 0.195847 3.000000
12.000000 2.008000 0.862275 0.227758 3.000000
13.000000 4.016000 0.540702 0.315347 4.000000
14.000000 3.712000 1.064718 0.396649 2.000000
15.000000 2.008000 1.438778 0.374169 3.000000
